14584094
14589173
14589176
145891890
145900486
14590573
145906708
14592611
145926757
14594723
14598020
14602291
14602748
14605639
146057300
14605868
146153514
14615371
146174103
14617758
14618485
14618576
146192945
146217689
146265568
146277001
14628651
14630069
146321597
146348717
14636484
146367961
14638147
14642220
14645600
146459571
146547815
146556731
146559891
14656061
146593515
146594140
146597174
146598182
14661283
14663358
14663414
14664610
146651335
146714354
146724049
14672473
14678822
14679405
14681750
14682211
14682347
14682440
14682652
14683075
14683123
14683154
14683253
146835106
14683616
146836220
146836957
14683718
1468401
146843111
14684552
146846367
146851870
14685361
14685488
14685706
14685917
146859436
14685961
146860664
14686098
14686696
14686829
14686969
14687129
14687154
14687411
14687493
14687514
146876382
14687803
14687871
146879880
14688083
146881007
146881566
146882679
146883640
14688383
146884248
14688942
146893560
14689384
14689479
14689538
14689601
14689645
14689715
146897712
14689894
1469
146900127
14690131
14690216
14690520
14690521
14690544
14690585
14690596
14690680
14690807
14690901
14690913
14690921
14691004
14691226
14691352
14691362
14691465
146917197
14691845
14691951
14692302
14692344
14692384
14692385
14692467
14692661
146927558
14692760
14692823
14693317
14693339
14693427
14693499
14693751
146939735
14694018
14694297
14694588
14694663
14694677
14694705
14694823
146949670
14694980
14695039
146950510
14695370
146959660
14696017
14696062
14696153
14696463
14696478
14696619
146967018
14696810
14696919
146983359
146985834
147000156
14700303
14700454
14700464
14700506
147005769
14700675
14700826
14701193
14701277
14701494
14701580
14701586
147020868
14702178
14702351
14702380
14702392
14702626
14702632
14702742
14702746
14702845
14703552
147036634
14703671
14703765
14703852
14703985
14704104
14704131
14704468
14704813
14704845
14704848
14704903
147049424
14704988
147051258
14705216
14705240
147055962
14705619
147056387
14705672
14705684
14705686
147057118
14705832
14705997
14706121
14706139
14706299
147063004
14706442
147064486
147065144
14706531
14706560
147065676
14706623
147066230
14706649
14706705
147067189
14707002
14707072
14707086
14707103
14707233
14707309
14707605
147076738
14707748
14707837
14707839
147082100
14708237
14708507
14708533
14708546
14708587
14708820
14708978
14709036
14709049
147091051
14709165
147093
14709325
14709392
14709397
147094187
14709484
14709636
14709647
14710351
14710369
14710395
14710658
14710851
14710904
14711172
147113227
147113874
14711966
147123761
14712593
147129545
14713151
1471341
14713424
14713756
14713937
14713946
14713973
14714040
14714111
14714128
14714199
14714231
14714252
14714256
14714448
14714736
147148369
14714968
147154958
14715504
14715744
14715765
14715778
14716003
14716014
14716231
14716236
14716407
14716476
14716484
14716501
14716698
14716846
14716875
14716890
147169947
14717060
14717268
14717404
14717541
14717703
14717744
14717821
14718194
14718390
14718896
14718975
14719050
14719082
14719107
14719271
14719759
14719802
14719875
14720101
14720172
1472021
14720319
14720424
14720502
14720577
14720599
14720679
14720959
14721057
14721067
14721075
14721354
14721381
14721383
14721630
14721643
14721654
14721676
14721826
14722304
147229961
14723002
147231915
14723423
14723475
14723728
14724026
14724396
14724484
14724533
14724577
14724756
14725113
14725144
14725237
14725343
14725425
14725464
147254997
14725649
147256933
14725723
14725936
14726023
147261087
14726357
147264514
14726733
14726846
147269551
147269650
147270508
14727120
14727207
14727420
14727431
147276537
14727861
14727864
147280188
14728201
14728235
14729225
14729232
14729421
147294264
147295239
14729562
14729597
147298117
14730006
14730488
14730554
14730859
14730894
147310625
14731070
14731126
14731256
14731641
14732246
14732333
147324167
147324862
147326349
1473271
147329698
147334394
147335216
14733593
14733703
147338461
14733996
14734176
14734289
14734445
14734473
14734533
14734826
14734974
14735100
14735334
147353548
14735462
14735581
147358005
147359695
14736220
14736245
147363296
14736868
14736906
14736912
14736947
14737022
14737271
14737294
14737472
147375899
14737651
14738120
147381931
14738431
14738561
14738760
14738804
14738962
14739189
147392979
14739540
14739929
14739970
14740006
147401553
14740512
14740524
147406077
14740615
147406264
147407650
147407854
14741029
147410783
14741160
14741189
147415548
147416550
14741804
147420892
14742483
147430269
147431581
147431948
147432321
147435964
14743694
14743740
147437575
14743826
147438900
147440845
14744085
14744178
14744182
14744460
14744478
147445175
14744569
14744622
14744764
14744778
14744786
147448233
14744857
14744899
14744972
14745059
14745080
14745120
14745164
14745185
147451981
14745208
147452697
14745278
14745294
14745315
14745350
14745490
14745765
14745776
14745874
14745944
147459708
147460505
14746115
14746337
14746430
14746460
14746581
14746618
14746847
14746855
14746910
14746921
147469443
14747189
14747355
14747536
14747626
14747708
147477080
14747766
147477898
14747825
147478859
14747990
14748002
14748454
14748492
14748571
14748601
14748619
14748668
14748780
14748879
14749136
14749220
14749267
14749326
14749329
14749394
14749676
14749698
14749759
14749792
14749818
14749961
14750064
14750177
14750208
14750340
14750454
14750597
14750617
14750820
14750841
14750983
14751121
14751273
14751476
14751522
14751744
14751771
14751853
14751910
14751912
14751932
14751983
14752222
14752248
14752312
14752316
14752328
14752412
14752446
14752564
14752818
14752968
14753130
14753523
14753605
14753812
14753898
14753926
14754058
14754123
14754467
14754835
147548394
14755273
147553155
147554553
14755492
14755573
147556571
147557331
147563
147566289
147568860
14756912
147570423
147572476
147573634
14757523
14757892
14757934
14757942
14758081
14758354
14758494
14758584
14758682
14758805
14759049
14759107
147591906
14759210
14759550
14759893
14759894
14759966
14759986
14760031
14760052
14760190
14760284
14760382
14760559
14760603
147606657
14760688
14760706
147609087
14760909
14760978
14761005
14761110
147611378
14761201
14761339
147613536
14761382
14761387
14761388
14761583
147617079
14761724
14761839
147618782
14761888
14762127
14762129
147621444
147621844
147623032
14762356
147624335
147624391
14762457
14762497
147625888
147626245
14762678
147627904
147628175
14762859
14762923
14762984
147629957
14763029
14763077
147630896
147631749
147632666
14763273
14763565
14763720
14763725
147638113
147639909
147640040
147640808
14764095
14764151
147642193
147644285
14764478
14764501
14764648
14764708
14764844
14764888
14764911
14764959
14765060
1476511
14765213
14765241
14765280
14765286
14765311
14765457
147654768
14765569
14765605
147656980
147657143
14766047
147660981
147661157
147661335
14766200
147665051
147665222
14766591
14766617
14766646
14766755
147669337
147669956
147670689
147671510
14767187
14767227
14767320
14767329
147673602
147673920
147674388
14767472
14767487
14767497
14767504
147675669
147675957
147676221
14767753
14767972
147679940
147680140
14768117
14768279
14768425
14768597
14768604
147686355
14768651
14768759
14769015
14769047
14769048
147690702
14769239
14769644
14769684
14769689
14769823
147699002
14770012
147700201
147700720
147701781
14770191
147702207
14770785
14770840
147710438
147717158
147717566
147722784
14772313
147724396
14772626
147726384
14772653
14772689
147727812
14772808
147729205
14772956
147730406
14773096
147731027
14773379
147735680
14773606
14773649
14773791
14773831
14773982
14774133
14774189
14774204
14774243
14774426
14774427
147745096
14774513
14774635
147746645
147748186
14774984
147751644
14775196
14775220
14775414
14775487
147755449
14775574
14775592
14775614
14775737
14775759
14775828
14776306
14776376
14776527
147765352
14776602
14776735
14776748
14776754
14776932
14776976
14776977
14777182
14777196
14777209
14777317
147773610
14777377
14777439
14777545
147775568
147775741
14777606
14777633
14777726
14777730
14777817
14777850
147779390
147781547
14778169
14778230
14778255
14778343
14778358
147784878
147786032
14778693
147787055
14778772
14778782
14778783
147789477
14779028
14779052
14779167
14779252
147795387
14779563
14779627
147796879
147797364
147797617
147797700
147797867
14779930
14779979
14780060
14780133
14780167
14780270
14780308
14780522
14780540
14780686
14780785
14780813
14780824
14780859
14780876
147809155
14780972
147813999
14781413
14781485
147816149
14781615
14781651
14781818
14782041
14782126
14782148
147823133
147827594
14782782
14782978
14783160
147835981
147841598
14784256
147846308
147848326
14784903
147850199
147850515
14785074
14785258
14785295
14785380
14785516
147855564
14785760
14785832
14785887
147859421
14786011
147860543
14786096
14786135
14786170
14786217
14786239
14786676
14786851
14787157
14787240
14787298
14787358
14787584
14787695
14787705
14787853
147879788
14787988
14788025
14788041
14788154
14788272
14788282
14788411
14788764
14788929
14789024
14789032
14789036
14789070
14789090
14789131
14789223
14789293
14789467
14789615
14789619
14789627
14789651
14789669
14789715
14789783
14789807
14789903
14789935
14789998
14790147
14790235
14790293
14790344
14790499
14790545
14790578
14790720
14790735
14791091
14791168
14791316
14791372
14791386
14791466
14791810
14791863
14791908
14791918
14792019
14792098
14792188
14792231
14792286
14792300
14792354
14792387
14792516
14792631
14792680
14793236
14793278
14793534
14793761
14794326
14795255
14795302
147953302
14795674
14795802
14795844
14795891
14795938
14796366
14796495
147965734
147966046
147973756
147973762
147978388
14797949
14797979
14798000
14798187
14798336
14798585
14798610
147986246
14798644
14798790
14798831
14798974
14799105
14799178
147992138
14799428
147994344
147996783
14799728
14799761
14799837
14799936
147999648
147999894
14800035
14800096
14800147
14800270
14800286
14800307
14800339
14800483
14800514
14800520
14800619
14800669
14800679
14800716
14800799
14800849
14800851
148009281
14801014
14801043
14801057
148010851
14801093
14801192
14801219
14801264
148013533
14801385
14801803
14801813
14801863
148021334
14802142
148022427
148022820
148023442
14802362
14802434
14802517
148025277
14802555
14802695
14802766
148027779
14802868
148029966
14803123
14803131
14803154
14803387
14803427
14803444
14803487
14803522
148035466
148035626
14803597
148036277
14803653
14803838
14803849
14804000
14804124
148041853
14804298
14804414
14804515
14804571
14804589
14804766
14804788
14805088
148051769
14805254
14805542
14805705
14805775
148057769
148058022
14805814
14805828
148058556
14805934
14805949
14806030
148063080
14806428
14806537
14806620
14806841
14807214
148072847
14807343
14807469
14807631
148079934
14808007
148082347
14808260
14808395
148084066
148085881
148088497
148090364
148092550
148094691
14809486
148098335
14810390
148104066
148104095
14810415
148106211
148106752
14810786
14810823
148109567
148113945
14811734
14811744
14811778
14811839
14811849
148123781
14812496
14812726
14812736
14812817
148129547
14813155
14813258
14813265
148133067
14813442
14813460
148134976
14813535
148135941
14813657
148142839
14814420
14814530
148145705
148151988
148155096
14815608
14816063
14816077
14816339
14816354
148163611
14816386
14816677
148167180
148168471
14816854
14817097
148173195
14817403
14817416
14817476
14817576
14818010
14818045
14818207
148182365
14818333
14819012
14819098
148195928
148198786
14819993
148200673
14820344
148203617
14820450
14820544
14820549
148206795
148207672
148210746
14821084
148211380
148212467
14821570
148216065
14821663
14821775
14821941
14822026
148225045
14822726
14823121
148231909
14823485
148242639
148244366
14824783
14824820
14824854
148250862
14825303
14825418
148254967
14825977
14826052
14826124
14826633
14826789
14827089
14827129
148271798
14827375
14827652
14827769
14827815
14828100
14828759
14829143
14829281
14829386
14829642
14830184
14830715
14830973
148313
148316126
14831642
14831865
14832033
14832142
148321840
148324829
14832547
148325617
14832926
14833257
14833389
14833484
14833619
14834002
14834054
14834064
14834096
14834184
14834422
148345087
14834530
14834802
14834871
148350490
14835103
14835256
14835313
14835344
14835410
14835647
14835807
14835849
14836128
14836189
14836197
14836219
14836383
14836408
148365714
14836640
14836673
148368325
14836957
14836971
148369810
14837108
14837167
14837197
14837236
14837316
14837499
148375965
14837632
14837660
14837691
14837753
14837928
14838109
148383532
14838394
14838508
14838585
148386024
14838820
14838846
14838932
148389498
14839008
148390102
14839039
14839141
14839340
148394252
148396071
14839817
14839895
14839988
148399947
14840218
148402548
148404098
148405967
14840733
14840757
14840758
14840993
14841020
14841069
148413533
14841371
148413848
14841522
14841527
148416176
14841653
148418027
14842159
14842456
148425075
148425615
148425909
14842636
14842686
148429062
148430816
148431283
148435153
14843544
148441057
148442432
148442612
148442881
14844467
14844492
148446465
148446681
148448424
14844867
14844924
148451483
14845227
14845277
14845376
148455275
14845822
148458747
148461618
148461916
148462947
14846304
14846363
14846380
14846470
14846535
14846670
14846698
14846766
148468869
14846921
14846961
14846978
14846983
148470882
14847256
14847359
148475451
148475736
148475794
14847692
14847719
14847724
14847889
14847940
14848067
14848124
14848179
148481799
14848194
14848237
14848428
14848485
148485591
14848576
14848617
14848717
148488190
14848840
148489354
148489620
148490511
14849136
14849484
14849590
148495982
14849724
14849725
14849763
14849764
14849871
14849984
14850059
14850079
14850098
14850117
14850175
148504088
14850454
148504862
14850549
14850557
14850600
148506037
14850672
14850713
14850719
14850790
14850972
14850996
14851072
14851199
14851229
14851244
148513192
148514778
14851479
14851542
14851577
148516758
14851940
14852069
14852190
14852367
14852377
14852416
148524229
14852446
14852457
14852542
14852590
14852604
14852755
14852786
14852787
14852926
14852976
148530723
148533072
14853370
14853391
148536439
148540169
148540736
148543461
148545099
14854847
14854929
148550782
148551011
148551937
14855279
148554155
14855562
14855662
14855789
14855930
14856253
148563793
14856393
148564069
14856517
14856555
14856668
14856678
148567470
148569326
14856993
14857041
14857149
14857273
14857355
148574223
14857430
14857438
14857525
14857569
14857626
14857843
14857979
14858000
14858132
14858184
14858193
14858325
14858435
14858471
14858476
14858608
14858726
14858754
14858869
14858974
14858998
14859061
14859217
148595248
14859599
14859653
148596633
148599832
14860190
14860280
14860319
14860376
14860409
14860499
14860626
14860782
14860878
14860952
14860955
14861170
14861228
14861503
14861579
14861581
14861617
14861628
14861679
14861702
14861876
14861973
148620368
14862077
14862143
14862201
14862300
14862704
14862832
14862878
14862924
14862950
14862987
14863057
14863133
148631499
14863756
14863782
14863800
14863834
14863930
14863939
14863958
148639955
14864232
14864233
14864814
148650442
14865236
14865477
14866036
148671734
148674144
14867862
148681361
14868282
14868419
14868529
14868714
14868751
14868788
14868804
148690910
14869152
14869360
14869449
148695927
14870017
14870085
14870166
14870369
14870399
14870465
14870470
14870662
14870666
14870679
14870724
14870787
14870801
14870804
14870858
14870952
14870994
14871154
14871157
14871283
14871326
14871463
14872524
14872538
14872551
14872584
14872784
148728479
14872965
148730008
14873061
148731312
14873180
148732095
14873362
14873367
14873733
14873767
148741929
14874247
14874361
14874500
14874511
14874512
14874649
14874723
14874972
14875041
14875084
14875312
14875359
14875461
14875637
14875762
148761289
14876177
148761935
14876196
14876317
14876369
14876530
14876919
148769811
148770143
14877167
14877348
148776560
148777457
148779040
148779121
148779401
148779747
148779982
14878011
14878614
148790653
148792694
148792969
148793085
148794796
148795694
14880136
148804155
14880652
148807653
14880783
148808277
148808747
14881016
148811184
14881207
148812612
148817287
148817654
148820604
14882500
14882554
14882592
148826481
14882700
14882765
14882783
148827844
14882825
148828676
14882900
14882911
14883055
148831214
14883127
14883246
14883272
148834985
14883504
14883505
14883591
14883821
148839755
14884026
14884091
14884108
148841224
14884151
14884201
14884310
14884385
14884463
14884465
14884649
148848783
14884884
148851658
148851810
148851953
14885232
14885305
14885496
148856134
14885622
148856979
14885741
14885801
14886030
14886058
14886164
14886176
14886197
14886244
148863405
14886375
148864467
14886553
14886572
148868647
14886945
14887029
14887078
14887090
14887103
148872119
14887297
148876582
148877103
148877543
14887813
148878820
14887893
148879638
14887986
14888044
14888133
14888205
14888230
14888433
14888451
14888543
14888686
14889142
14889253
14889326
14889360
148895112
148896784
148903087
14890417
14890490
148906153
14890621
148913464
14891413
14891899
14892168
14892330
14892523
148926399
14892665
14892968
14893442
14893702
14893724
14893917
14893925
14893949
148941582
14894212
148942390
148942548
14894471
14894472
14894480
14894509
14894671
14894735
14894801
14894814
14894850
148950570
14895087
148953247
14895398
148955704
14895632
14895912
14895944
14895949
14896032
148960393
14896139
14896271
14896476
148966092
14896697
14896875
14896878
1489691
14897218
148972672
14897509
14897764
148977953
148981829
14898452
14898498
14898503
14898731
148989182
14899361
14899422
14899804
14900079
14900137
14900442
14900550
149006838
149007381
14900813
149010646
149012026
149012091
14901281
14901582
149018353
14901848
14901902
14902108
14902402
14902657
14902690
14902937
14902963
14903290
14903325
14903327
14903363
14903647
14903690
14903997
14904044
14904554
14904688
14905019
149058015
149060799
14907341
14908000
14908304
14908685
14908729
14908780
14909063
149090826
14909525
14909768
14909968
149101838
14910247
14910341
14910411
14910478
149107729
14910799
14911136
14911139
149111689
149111829
14911668
149118928
14912185
149122041
14912309
14912323
14912382
149123895
14912552
14912789
14912815
14913133
14913203
14913516
14913949
14914147
14914253
149143335
14914521
14914539
14915003
14915279
14915325
14915349
149156711
14915717
14916025
14916056
14916420
14916627
14916749
149169652
14917006
149172459
14917322
149173478
14917830
149183807
149184307
149186766
14918956
149190167
14919082
149195456
149197377
149199367
149203381
14920719
149207319
149207939
149207952
14920863
149209309
14920963
14921015
149211569
14921258
14921433
14921442
14921571
149216617
14921796
149218561
14921938
14922135
14922531
14922560
14922629
149226610
14922667
1492281
14923012
14923177
149232418
14923485
149236135
14923674
14923682
14923847
14923920
14923981
14924034
14924090
149242168
14924402
149244584
14924515
149246544
149248803
14924965
149251692
14925434
14925486
149255139
149255238
149255622
14925669
149257479
14925770
14925930
14925936
149262432
14926345
149266286
149267315
14926738
149267981
149269458
14927130
149271315
14927198
14927208
149273648
14927375
14927411
149274419
14927543
149277022
14927772
14927794
14927888
149280710
14928368
14928516
14928649
14928670
14928731
149292003
14929219
149293301
14929640
14929905
14929948
14929961
14930074
149301626
14930367
14930433
149305014
149308505
14931166
149311759
14931178
14931353
149314195
149322074
149322871
14932406
149332835
14933717
149337988
14933838
14933852
14934001
14934125
14934198
14934247
14934291
149344751
14934484
14934518
14934549
14934785
14934818
14934832
14934896
14934964
14935189
14935404
14935441
14935798
14935822
14935973
14936286
14936460
14936609
14936771
14936846
14936877
14936971
14937027
14937298
14937316
149374930
149377959
14937898
14937903
14938017
14938312
149383969
14938448
149384914
14938682
14938840
14939022
14939030
14939167
14939170
149391883
149391962
14939326
14939371
14939415
14939500
14939756
149398846
14939909
14939952
14939955
14940003
149401989
149402237
14940253
14940300
14940336
14940354
14940412
14940523
14940645
14940653
14940686
14940842
14941099
14941167
14941333
149413936
14941588
14941853
14941931
14942514
149425798
14942812
14943084
14943818
14943941
14944192
14944241
14944459
14944471
14944588
14944892
14945028
14945097
14945169
14945279
14945619
14945856
14945857
14946038
14946131
14946274
149463497
14946615
14946650
149468003
14946844
14947085
14947203
14947283
14947860
14947948
14948202
14948248
14948301
14948418
14948574
14948766
14948852
14949058
14949160
149491983
149493798
14949404
14949445
14949642
14949823
14950156
14950216
14950370
14950425
14950452
14950476
149504967
14950529
149506582
14950834
14951010
14951123
14951131
14951263
149515901
14951784
14951831
14951992
14952156
14952510
149530397
14953981
14954070
149541352
14954270
14954336
14954364
14954410
149545191
14954565
14954684
14954792
14954908
149550320
14955142
14955268
14955395
149554336
14955509
14955714
149557805
14955814
14956123
14956133
14956153
149563679
14956372
14956380
14956545
14956592
14956723
149569003
14956942
14957134
14957147
14957159
14957318
14957401
14957541
14957733
14958061
149581820
149583107
14958346
14958367
14958375
14958624
14958817
14958864
14958947
149589663
14959062
14959102
14959173
14959344
14959405
14959496
14959602
149596125
14959681
14959969
14960007
149600373
14960059
14960104
14960195
14960492
14960638
14960744
14960835
14960931
149611426
14961286
149612903
14961677
149620203
149620242
14962086
14962108
14962223
149622902
149623316
14962366
149625569
14962752
149627912
14962884
14963301
14963440
149635582
14963756
14963773
149639109
149640227
14964199
149642749
149643833
14964449
14964701
149647011
14964740
14964767
14964841
149648578
149648681
14964874
149649457
14965053
14965164
14965371
149654951
14965558
14965739
149658242
14965870
149662735
14966418
14966679
14966757
14967192
14967234
149673826
14967408
14967472
149677538
14967873
14967913
14968055
14968179
14968232
14968393
149683982
149685907
14968640
149700125
149700137
14970196
149702048
149703882
149703919
149706925
149707682
149709312
149711925
149713278
14971383
14971414
14971458
14971837
14971865
14971909
14971990
14972150
14972202
14972350
149724924
14972523
14972620
149726662
14972719
14972738
14972869
14972872
14973189
149731890
14973291
14973669
149738158
14973840
14973875
14974331
14974483
14974621
14974885
14974994
14975090
149751704
14975331
14975777
149758004
14975910
14975941
14975949
14976040
14976114
14976241
149764755
149765331
149766406
14976737
14976738
14976754
14976892
14976894
14977045
14977112
14977120
14977152
14977166
14977512
149775865
14977846
14977923
149784804
14978583
149788510
14979611
14979913
14979958
14980284
14980341
14980437
149806013
14980638
14980809
14981005
14981222
14981286
14981391
14981508
14981590
14981669
149819593
14982098
14982132
14982249
14982267
14982517
14982925
14983021
14983161
14983176
14983722
14984074
14984281
14984334
149843472
14984359
14984410
14984629
14984838
14984915
14985013
14985137
14985312
14985336
14985337
14985374
14985570
14985683
14985775
14985812
14985936
14985991
14986206
14986572
14986811
14986998
14987006
14987033
14987172
14987284
14987342
14987379
14987459
14987520
149876208
14987638
14987865
149880058
14988186
14988245
14988337
14988397
14988550
149885762
14988770
14988853
149889113
149890019
14989180
14989313
149895669
14989573
14989592
14989688
14989896
149908015
14991307
14991366
14992031
14992226
149922655
14992446
14992540
14992689
14993162
14993195
14993272
14993466
14993489
14993587
14993660
14993749
149938879
149943269
14994424
14994701
14994746
14994970
14994999
14995126
14995393
14995484
14995485
14995561
14995571
14995626
14995788
14995791
14995801
14995838
14995854
14995952
14996041
14996149
14996270
14996351
14996514
14996557
149965911
14996598
14996627
14996680
14996689
14996807
14996850
149969223
14996950
14997006
14997031
14997076
149971216
14997204
14997273
149972960
14997389
149974129
14997451
14997492
149975820
14997696
14998199
149982001
14998242
14998352
149984537
14998623
149987593
14998779
14998938
14999007
14999140
14999208
149993722
14999575
14999626
14999880
15000252
15000261
150004824
15000510
15000512
150005574
15000734
15001019
15001234
15001342
15001401
15001446
15001450
15001490
150015540
15001615
15001857
15001957
150020401
150020592
15002062
15002063
15002252
150023492
15003454
15003694
150040000
15004007
15004099
150041033
15004245
15004732
15005073
150050915
15005272
150053344
150053705
15005390
150060500
15006177
15006507
15006642
15006745
15006749
15006802
15006825
15006828
15007036
15007192
15007235
15007336
15007592
15007745
15007776
150079374
15007939
15008130
150081761
150081785
15008372
15008458
150084875
15008590
15008668
15008674
15008696
15008882
15008940
15009049
15009111
15009171
15009246
15009261
15009262
15009605
15009623
15009624
15009686
150097661
15009908
15009970
1501
15010172
15010370
15010457
15010587
15010721
15010896
15011283
15011421
150114306
15011794
15011800
15011833
15012057
150124148
15012484
150125422
15012748
15012932
15013125
150133877
15013516
15013676
15013767
15013810
15014044
15014055
150141109
150142538
15014304
15014405
150144680
15014596
1501471
15014718
15014721
150147465
15014822
15014850
15014985
15015040
150155243
15015572
15015671
150162550
150171996
15017240
15017284
150173784
15017399
15017440
15017566
15017822
15017849
150180833
15018431
15018602
15019013
15019228
15019606
150196127
150197818
15019906
15019949
15019954
150199686
150199738
15019976
15020108
150201608
15020262
15020274
15020320
15020507
15020631
15020669
15020759
15020872
15021051
15021102
15021147
15021148
15021185
15021206
150214621
15021556
15021827
15022021
15022237
15022294
15022346
15022374
15022431
15022490
15022582
15022843
15023066
15023153
15023223
15023341
15023346
150234659
15023521
15023529
150236234
15023644
15023709
150238463
15023848
15024066
15024201
15024407
150244131
15024468
15024783
15024868
15024958
15025049
15025208
15025240
15025385
15025411
15025802
15025999
150261829
15026284
15026717
15026758
15026861
15027207
150273657
150276736
15027796
150281740
150282907
15028403
15028582
150287935
150288217
150290916
15029172
15029174
150292091
150292107
150295229
150295245
15029598
15029644
15029834
15029920
15029980
15030098
15030134
15030165
15030202
15030285
15030357
15030439
15030669
1503071
15031037
15031170
15031424
15031806
15031929
15031987
15032076
150320932
15032225
15032303
15032512
15032916
150330083
150330194
150331957
150333517
150334831
15033653
15033883
15033904
15033958
15034087
15034112
150341960
15034280
15034292
15034394
15034642
15034738
15034787
15035002
15035033
15035214
15035291
15035323
15035326
150353366
15035560
15035603
15035728
15035834
150359371
15036236
15036265
15036273
150362918
15036528
15036925
15037192
150372056
150379553
150380154
15038381
15038482
15038721
150387445
150387596
15039053
150391205
15039997
15040038
15040131
150403110
15040500
15040574
15040683
15040812
15040976
15041098
15041148
150417914
15041889
15041902
15042006
150424279
15042465
15042701
15042703
15042705
15042734
15042927
15043046
150432204
15043373
15043442
150435602
15043589
15043708
150438330
150440025
15044015
15044120
150442715
15044551
150445945
15044760
150450010
15045013
150451006
150452930
150453794
150460343
15046037
150460907
15046126
15046440
15046681
150468646
15046876
15046916
15047461
15047518
15047610
150477618
150479404
150481598
15048728
15049040
15049064
15049138
15049291
150494334
150494345
15049688
15049979
150500372
15050194
15050303
15050354
15050372
150504174
15050480
15050506
15050811
150509608
15051243
15051291
150513307
15051829
15051852
15051889
15052091
150521852
15052222
150523036
15052328
150524382
15052600
15052628
15052639
15052672
15052688
150528571
15052873
150528999
15052985
15053129
15053153
15053192
15053533
15053607
15053661
15054159
15054232
150546055
15054698
15054733
15055166
150552417
150554537
15055459
15055634
15056387
15056654
15056866
15056916
150569302
150570299
150571206
15057327
15057557
15057656
15057807
15057921
15057943
15058560
15058823
15059110
15059277
15059460
15059892
15060259
150605681
15060916
15061049
15061227
15061423
15061574
15061671
150617500
150623505
15062451
15062505
15062840
15063079
15063203
15063250
15063305
15063427
15063428
15063569
15063821
15064000
15064006
15064055
150640984
150641257
15064145
15064170
15064178
15064260
150645176
150645573
150645789
150649112
150649393
15065156
15065169
150652346
150652382
150654509
15065544
15065568
15065641
1506571
15065827
15065983
15066226
15066288
15066521
15066958
150669635
15067003
15067046
150671156
150672238
15067239
15067317
150673241
15067340
150673776
150675183
15067627
15068110
15068132
15068155
15068399
150684355
15068974
15069019
150690786
15069237
15069313
150693725
15069467
15069500
15069555
150695670
15069912
15069915
15070140
15070234
15070299
15070314
15070546
15070904
150709584
15071040
150712150
150713992
15072424
150726064
1507281
15072862
15072875
150729425
15073051
15073178
15073287
150732969
150733185
15073461
15073524
15073620
15073861
15073931
15074032
15074108
150742243
15074445
150744615
15074523
15074624
15074642
15074995
15075149
15075182
15075356
15075486
15075672
15075798
15076106
15076124
15076208
15076230
150765725
15076666
15076674
150767096
15076731
15076747
15076776
150769421
15077049
150771286
15077212
15077320
150775196
15077546
15077601
15077616
150776994
15078001
15078148
15078163
15078182
15078400
150784080
15078425
15078444
15078656
15078856
15078874
15078899
15079053
150790600
15079315
15079509
150795246
150796089
150796916
150797131
15079719
15080295
15080597
15080639
15080739
15080749
15080793
15080807
15080853
15080959
15081018
150810211
15081182
15081317
15081364
150814801
150815494
150815627
15081587
15081683
15081753
150819704
15082084
150822076
15082587
150827900
15082804
15082853
150829086
150831307
150833285
15083688
15084001
15084061
15084173
150842393
150842688
15084361
150843911
15084489
150845012
15084560
15084677
150846967
15084733
15084736
15084908
150850048
150850681
15085214
15085237
150853391
15085340
15085420
15085591
15085605
15085683
15085749
150858572
15085885
15086083
150861101
15086121
15086185
15086342
15086406
15086537
15086627
15086743
15086896
15086936
15086993
15086998
15087057
15087084
15087254
15087354
15087361
15087388
15087414
15087549
15087678
15087698
15087826
15087843
15087913
15087961
15087972
15088016
150880389
15088181
15088189
150882514
15088253
15088471
15088763
15088772
150887974
15088877
150889257
15088946
15088990
150890730
15089174
15089216
15089443
15089533
15089557
15089717
15090029
15090041
150901610
15090204
150906425
15090888
15091009
15091098
150915713
150917027
15091876
150919024
15091978
15091990
150920469
15092090
15092161
150922888
15092597
15092914
15093092
15093157
15093321
15093646
150938027
150939109
15094073
150940791
150940981
150941074
15094731
15096044
15096122
15096752
15096813
15097182
15097230
150973513
15097417
15097479
15097566
150975727
15097702
15098213
15098388
15098479
15098511
15098893
15098925
15098932
15099012
15099094
15099133
15099229
15099257
15099267
15099300
15099327
15099367
15099405
15099452
15099585
15099656
15099988
15100154
15100166
15100239
15100350
15100474
15100622
15100759
15100776
15100789
15100817
15100869
15100903
15101327
15101357
15101571
15101578
15101678
15101693
15101708
15101860
15102030
151020801
15102138
15102191
15102281
15102320
15102547
15102725
15102818
15102988
15103009
15103165
15103419
15103460
15103535
15103581
15103784
15103809
15104452
15104597
15104716
15105081
15105114
151052550
151055805
151057087
151057823
15106091
15106110
151064686
151065687
151066651
151068737
15107077
15107482
151075176
15107687
15107723
151078769
15107951
15107988
151079975
15108012
15108075
15108520
15108769
15108797
15108999
15109072
151091111
151091571
15109163
15109215
15109307
15109389
15109426
151094364
151095102
15109604
151097183
15109829
151098747
15109904
151099524
15110080
15110090
15110106
15110157
15110194
15110498
151106000
15110681
15110690
15110758
1511081
15110818
151110003
15111011
15111030
151110374
15111096
15111163
15111215
151112267
151113122
151113240
15111357
15111405
15111635
15111918
151120118
15112070
15112081
15112365
15112496
151127675
15112961
15113091
151132322
15113275
15113323
15113447
15113460
15113607
15113653
151136574
15113664
15114101
15114183
15114274
15114335
151144015
151144018
15114573
151146992
151147569
15114797
151149321
151151244
151151570
15115280
151160520
151162236
151165157
15116585
151167795
151167850
15116903
15116918
15116934
151169813
151174302
15117541
151176347
15117711
15117715
151177963
151178344
15117962
15118061
151181447
151181804
151184350
15118525
151185473
151186558
15118724
15118794
151189757
151191052
15119211
15119416
15119431
151194843
151199220
15120037
15120050
15120110
15120113
151201829
151203032
151205027
15120582
151205998
15120657
151207075
151210988
15121217
15121383
151215055
15121781
151218431
15122151
151223249
15122396
15122734
15122870
151233739
151233809
15123673
15123826
151241127
15124236
151243145
15124448
151245906
15124941
151251435
1512531
1512551
15125515
151255611
15125897
15126102
15126328
15126367
15126388
15126410
151264698
15127097
151273568
151275309
151276382
151277130
15127749
15127864
151278873
1512791
15128376
15128471
15128589
15128763
15128768
151289377
15129070
15129247
15129274
151293046
151294684
151295604
151296867
15129726
15129863
15129874
15129947
15129956
151300745
151301531
151301593
151301937
15130252
15130320
15130462
15130494
151305491
15130614
15130628
15130666
15130790
151308125
15130880
15130900
15130926
151309697
15131153
15131310
151316622
15131706
151318548
15132031
151320558
151320877
151324358
15132938
15133557
151337236
151338885
15134168
15134310
151343776
15134393
15134659
151348276
15135065
15135196
15135292
15135348
15135456
15135715
15135752
15135796
15136119
1513641
15136479
15136814
15136979
15137030
15137060
15137097
15137152
15137186
15137194
15137209
15137235
15137255
15137268
15137292
15137344
15137364
15137464
15137512
15137518
15137533
151376127
15137638
15137743
15137761
15137885
15137905
15137921
15138006
15138104
15138234
15138437
151384528
15138475
15138778
15139006
15139049
15139068
15139097
15139258
15139302
15139358
15139382
15139409
15139422
151395166
15139549
15139632
15139639
15139688
15139701
15139716
15140311
15140327
15140418
15140441
15140462
15140532
15140575
15140668
15140718
15140749
15140810
15140865
15140964
15140975
151409776
15141019
15141089
151412038
15141230
15141586
15141605
15142075
15142226
15142587
151433023
15143619
15143621
151438101
151442962
151443271
15144711
15144719
151447270
15144729
15144740
15145010
151450750
15145111
15145138
15145222
151452241
15145518
15145645
15145700
151457659
15145862
15145894
151458985
15145988
15146206
15146235
151462791
151464206
15146495
15146572
15146795
15146882
15147031
15147042
15147155
15147261
151472809
15147370
15147519
15147595
151476280
15147733
151478804
15148073
151480819
15148137
151481404
15148392
15148418
15148531
15148532
15148555
151487627
15148814
15148860
151488605
15149003
151490124
15149064
15149080
15149150
15149376
15149442
15149491
15149633
15149901
15149935
151500064
15150036
151500386
15150122
15150152
15150322
15150351
151503888
151504629
151506799
15150692
15150755
151508044
15150829
15150831
15150903
15150904
15151125
15151172
15151347
15151472
15151612
15151654
15151713
15151747
15151972
151522807
15152398
15152412
15152573
15152714
15152765
151529635
15153052
151530748
15153082
15153347
15153369
15153399
15153477
15153533
15153627
15153723
151537734
151537885
151539075
151539630
151540577
151540980
15154216
14681663
14681750
14682211
14682347
14682440
14682652
14683075
14683123
14683154
14683253
146835106
14683616
146836220
146836957
14683718
1468401
146843111
14684552
146846367
146851870
14685361
14685488
14685706
14685917
146859436
14685961
146860664
14686098
14686696
14686829
14686969
14687129
14687154
14683123
14684552
14685706
14685961
14686098
146881007
14688942
14689538
14689645
14690596
146917197
14692467
14694018
14694980
146967018
147000156
14702351
14704104
147056387
147063004
147066230
14707748
14708587
14709325
147169947
14717744
14717821
147229961
14723002
14723728
14725936
14726733
14726846
147269551
147276537
147280188
14729225
147294264
14735334
147359695
14737022
14740615
147406264
147407650
147420892
147431948
147437575
14744178
14744622
147448233
14745080
14745490
14746847
147477080
147478859
14748571
14748619
14749818
14750454
14752564
14754835
14755573
147573634
14758494
147606657
147609087
14761839
147624335
14763720
147656980
147665222
14768759
14769048
147701781
147717158
14772313
14775759
14776602
14776977
14777439
147781547
147787055
14779167
147797867
14780167
147813999
14788041
14789651
14789807
14791316
14793761
147966046
147986246
14800514
148022427
148027779
148035466
148036277
14806428
14806841
14807214
14811839
14812817
14813258
14813265
148163611
148168471
14819993
148200673
14820450
148206795
148207672
14821084
148231909
148242639
148254967
14829386
14829642
14831865
148324829
148325617
14834422
148345087
14837167
14837660
148394252
148404098
148429062
148458747
148462947
14846983
14847256
14848717
148489620
14849590
14849725
14850454
14850600
148506037
148569326
14856993
148596633
14860499
14861581
148620368
14862832
14863958
148681361
14868282
14868419
148690910
14870399
14870724
148732095
148779401
148779982
148807653
148808747
148812612
14885232
14885305
148856979
148863405
14887090
148877103
148878820
148879638
148895112
148906153
148955704
148960393
148977953
148989182
14899422
14900550
149010646
149018353
14901848
149090826
149101838
149111829
14911668
149118928
149122041
14912382
14912789
149143335
14915349
149173478
149236135
14923920
149244584
149255238
149322074
14934549
14937316
149374930
149377959
149383969
14939170
14940253
14945028
149463497
14949404
14950834
14955395
14955714
149557805
14955814
149569003
14958947
14959344
149600373
14960104
14960195
149612903
14962108
149642749
149647011
149648681
14964874
149662735
149677538
14967913
149683982
149702048
14972202
149758004
14975910
149766406
14977512
14980809
149819593
14982098
14983176
14986206
14986998
14987033
14988397
149938879
14995791
14997451
149975820
149982001
15001957
150020401
150020592
150050915
15005272
150053344
15006177
15006802
15007592
15008372
15008668
150171996
15017284
150180833
15019976
15020320
150234659
150282907
150292091
150295245
150320932
15032225
150391205
150417914
15042465
15042701
150451006
150453794
150494345
150504174
150521852
150524382
150623505
15063821
15065827
150673776
150675183
15068155
15073861
15076230
150769421
150776994
150784080
15078444
15078874
150797131
150815494
15084001
150853391
15086627
150887974
150906425
150919024
150939109
15097182
150973513
15099367
15101860
15103460
15105081
151065687
15108075
151091111
151097183
151110003
151136574
15114101
15114183
151144018
151149321
15115280
151178344
15118525
151185473
15119211
151203032
151215055
151233739
151273568
151277130
15129070
151295604
15129863
151301531
151316622
151318548
15132031
151338885
15137097
15137638
151384528
15139302
15143619
151458985
15147733
151478804
15149901
151500386
151504629
151506799
15150755
15151654
151529635
151537734
151539630
151540577
151560361
151572184
151583578
15160742
15162304
15162542
151628258
15163212
15164662
15165425
151657159
151666221
151670335
151692415
15170346
15171608
15174267
151756260
151772633
151777918
15178369
15180854
15183996
15185309
151858442
151871170
151929131
151936506
151964116
15200348
152013054
15201618
15202335
15203849
152054840
152068859
152086174
15209011
15209512
152106799
152107291
152116569
15212697
15213909
152154024
15219098
15220124
152203958
15221110
15222988
15223247
152264178
15230882
152314718
15233145
152332197
15233980
15234115
15234858
152353300
15235335
15237858
15239550
15241030
152439417
15244701
15244979
15246499
15248251
15250440
152546721
152555748
15255845
15257165
15259264
15260777
152639242
15266423
152670172
15267198
152686417
15272670
152763444
152778690
15281837
152825054
15283875
152862912
152884289
152887381
15289494
152902325
152916242
152919971
152932063
15297636
15298135
15298907
15300468
153014146
153030530
153032259
153058910
153060386
153070085
15307597
153080201
15308303
153093018
15309543
153096731
153107302
15311227
153117876
153129135
15312973
153129996
153130418
153130523
15313733
153147524
153184938
153191230
153192545
153193467
153204522
153213221
15323110
153243897
153269438
153272570
15328818
153289758
153318410
153363869
153411531
153416556
15342882
153459071
15346180
153462036
153476475
15347741
15349290
153500746
153506684
153521264
153548878
15355624
153571246
15357302
15359181
15359547
153612528
153614072
153620030
153624723
15363277
15366433
153667697
15368956
15369203
153695935
153696077
15370354
15372539
15372841
15374230
153758808
15378779
15379444
153825941
15382685
153837348
15384482
153859825
153879817
153886959
153904878
153963378
153982427
153995212
153999022
15399919
15400847
