100127942
100137951
100156077
10017362
100193186
100270748
100277549
100277832
100291072
100291544
100292716
100306054
100315896
100323827
100343244
100356840
100358528
100359616
100372948
100373077
100402971
100408675
100443892
100458294
100551827
100573406
100594294
100601617
1006051
100606273
100618536
100622447
100626594
100627351
100644133
100666239
100676773
100701217
100706647
100734498
100745831
100750346
100754341
100767991
100793702
100810386
100818837
100839488
100866427
100868738
100879923
10088102
100895378
100920859
10092732
101028776
101038277
101060612
101067501
101071591
101079850
101087368
101110675
101134600
101146261
101261253
101274127
101274602
101280167
101294667
101294755
101300609
101305430
101307175
101345268
101345268
101348982
101368883
101372842
10139592
101480658
101517334
101533584
101579664
101598842
101601741
101622374
101638508
101638969
101671943
101680505
101766202
101817915
101832263
101832342
101847819
101850661
101851220
101864539
101873973
101876593
101885762
101888442
101895404
101902437
101904759
101906681
101907839
101944396
101945207
101995965
102007611
10201612
102024220
10203002
102089831
102098760
102107070
102122855
102123838
102160070
102163638
102165647
102171518
102173248
102177669
102187326
102205319
102208981
102209098
10221252
102217858
102253885
102256572
102271995
10228362
102284349
102286173
102287426
102307464
102309696
102319468
102334154
10234032
10234772
102379301
102420809
102437088
102449656
1024651
102466589
102466981
102467339
102472358
102482258
102491327
102498041
102510002
102525969
102526139
102530134
102532641
102537764
102548643
1025521
102572378
102583404
102602827
102622235
102639527
102658526
1026741
102694779
102729929
102763925
102780248
102787201
102813663
102823671
102841324
102842182
102842752
102847829
102875965
102880390
102882282
102888655
102899550
102910955
10292772
102973585
103004267
103005495
103051995
103069198
103076664
103083740
103086200
103090822
10310172
103104875
103114760
103138770
103156994
103198904
103331100
103337185
10334352
103356166
103363731
103382229
103403900
103431736
103440439
103443539
103446795
103484480
103505566
103509543
103519097
103560969
103614318
103631666
103633093
103633407
103639095
103643263
103677574
103700776
103706085
103712947
103725655
103729129
103760726
103765627
103785847
103793257
103868789
103879671
103892261
103893168
103953954
103972238
103974014
103975205
103985368
103990836
103999784
104036076
104053942
104054924
104069413
104070628
104076848
104081265
104090208
104100294
104187861
104197219
104199839
104256723
104262934
104268181
104279114
104279221
104289815
104290947
104300763
104303057
104305003
104323320
104330309
104341315
104357325
104369990
104377644
104389201
104397980
104398726
104438816
10447982
104519576
104526382
104530438
104531696
104546101
104549907
104552862
104573119
104573541
104589102
104591138
104601341
104615953
104620030
104629033
104654289
104673162
104698941
104699684
104703496
104707579
104749929
104762026
104776346
104816973
104821541
104822358
104843951
104871617
104884923
104926841
104931453
104931987
104940572
104950609
104979833
104996892
10502072
105021804
105029801
105041356
105072484
105074046
105120497
105142186
105147323
105186778
105197749
105276966
105306503
105377578
105378529
105439922
105558757
105601062
105617094
105626444
105643999
105667944
105686001
105712138
10571412
105719331
105720522
105732433
105888484
105893560
105905873
105931413
105945688
105951004
105954048
106006862
106014265
106022891
106035711
106098400
106117581
106119835
106120163
106135938
106139237
106150890
106175655
106191057
106201633
106203355
106206063
106217193
106222202
106224003
106287814
106329268
106429641
106430958
106436455
10645182
106483081
106484983
106493884
106498533
106503546
106513765
106519209
106519714
106522581
106544777
106555714
106594557
106599403
106612329
106632377
106642698
106642759
106746405
106753671
106759232
10678842
106820590
106841500
106847897
106857198
106867780
106891073
106922766
106946128
106948890
106966275
106976827
106987262
107112554
107114610
107149080
107150834
107154159
107193785
107201134
107215297
107225474
107229377
107229916
107230399
107252798
107295245
107298728
107325446
107424371
107445830
107462003
107463885
107503601
107530442
107538175
107541114
107575451
107579226
107584427
107590398
107594273
107614940
107679920
107725116
107727153
107759050
107770569
107808585
107861138
107866389
107867859
107899543
107902678
107906962
107909003
108045472
108051452
108111727
108127973
108142326
108144019
108150801
108155628
10820482
108361727
108366282
108376551
108376680
108377992
108391555
108402878
108424611
108436345
108437188
108439396
10845722
10846542
108514960
108519293
108555018
10858722
108616464
108616565
108633546
108636288
108638625
108646892
108662075
108662331
108677465
108695077
108707801
108711568
108715977
108724476
108727669
108747494
108753451
108763559
108763993
108764706
108764919
108788541
108797901
108827137
108850867
108866333
1089381
108950394
108964584
108983207
109009292
109061352
109086977
109096798
109098015
109118895
109146313
109156249
10920372
109245800
10924592
109263049
109276894
109351670
109361355
109364860
109372044
109378896
109392776
109414419
109432002
109437709
109449849
109457012
109546168
109546463
109551546
109627801
109655627
109703492
109709359
109714424
109721041
109767436
109840532
109863367
109943665
109946743
109981764
109988465
109998064
110006697
110063553
110068988
110127911
110147154
110150749
110170912
110198891
110213571
110223127
110251748
110269506
110312110
110312492
110316835
110332452
110335306
110341489
110346223
110347545
110439571
110440896
110450124
110460430
110479656
110480910
110486488
110514302
110515562
110521236
110523012
110525211
110535344
110540118
110558725
110566813
110580189
110580760
110586111
110596860
110612731
110618298
110623053
110623673
110625401
110633300
110742059
110765395
110778556
110801434
110803491
110806252
110825013
110828858
110833120
110834903
110836086
110845234
110862461
110888213
110901931
110912901
110953610
111031338
111058055
111078064
111079686
111086363
111093945
111094084
111104615
111107110
111108289
111130617
111161139
111212385
111217117
111233678
111261864
11127832
111316046
111354618
111354788
111355194
111369468
111374674
111375418
111377382
111377864
111378803
111379685
111380734
111381158
111382108
111384014
111387364
111397178
111423111
111462469
111471889
111473683
111479848
111488284
111490440
111502535
111505178
111516729
111530861
11155362
111591081
11160322
111609929
111614725
111617640
111630733
111640821
111659660
111660034
111664066
111667895
111679248
111679458
111687153
111690726
111706474
111708115
111725162
111737201
111766521
111795440
11184912
111885903
111901117
111961711
111986025
111987204
112003994
112016707
112050817
112058406
112068632
112080390
11215252
112196003
112210248
112248882
112262808
112273286
112296669
112313541
112357409
112357568
112365894
112392714
112396470
112465890
112469817
112478473
112484952
112508513
112522602
112528550
112529389
112533027
112545063
112546013
112596090
112603234
11262602
112637729
112638414
112649466
11268822
112714772
112742589
112744502
112805334
112820592
112848959
112854557
112855220
112861117
112884538
112888830
112893938
112905424
112906489
112907782
112910379
112917563
112935356
112943356
112950829
113001039
113025780
113078278
113084396
113088465
113090884
113101507
113127906
113145988
113148598
11316212
113163176
113173992
113214059
113225975
113235730
113236797
113245889
113285636
113288824
113379683
113388551
113401091
11340382
113410034
113413546
113415338
113415613
113420370
113424077
113424720
113430997
113439138
113441523
113444582
11344682
113447130
113454106
113454356
113455058
11345662
113467828
113470914
113480642
113486594
113490262
11350222
11350852
11351092
113516574
113519054
113525538
11353762
113547120
113552266
113569316
113571836
113615688
113642165
113701845
113718554
113723995
113727183
113751476
113751683
113770596
113783408
113815624
113832263
113866793
113886372
113930639
113979116
113981072
113996085
114000574
114001539
114023854
114028634
114034129
114037265
11404502
114083703
114088447
114215149
114234442
114299337
114324786
114351929
114374693
114382443
114414432
114474364
114489373
114502535
114509400
114519152
114529701
114556695
114566034
114574378
114585693
114588231
114622570
114627970
114633059
114644722
114703947
114736825
114767519
114791572
114799423
114810515
114817367
114822964
114823721
114844102
114866950
114869963
114891802
114921757
114922509
114928694
114950355
115002830
115068750
115103384
115110382
115134387
115135989
115140764
115172862
115176133
115190745
115193535
115198574
115211613
115228373
115257575
115271631
115282091
115392901
115394848
115406575
115416799
115436234
115502523
115505491
115511876
115513211
115518148
115531427
115536359
115550311
115566965
115571097
115583783
115679357
115701144
115713086
115727839
115729335
115731044
115740367
115744665
115760481
115764343
115779957
115805522
115812273
115831742
115832440
115842890
115916578
115938093
115976281
115982514
115993779
116001897
116005645
116012581
116015336
116023806
116034726
116050000
116055652
116056051
116060961
116061843
116067096
116078315
116084515
116087245
116099080
116101150
116105190
116117409
116117929
116219141
116223695
116228943
116294913
116296609
116300313
116319308
116323223
116325090
116338816
116351453
116372858
116408801
116482924
116508982
116513830
116522011
116523888
116526013
116541945
116543633
116548396
116551450
116573375
116588460
116599888
116614851
116615225
116633935
116671198
116689491
116691188
116780463
116823056
116847908
116850942
116853133
116856787
116861957
116875623
116886181
116890798
116914478
116920731
116943514
116963927
116997282
116999724
117000094
11700622
117024621
117054284
117091000
117117909
117172071
117172406
117190802
117200821
117209281
117216307
117216867
117217986
117226159
117297434
117317171
117337114
117337163
117360525
117414501
117446775
117458907
117483468
117498299
117533001
117550636
117568934
117579423
117579988
117621418
117759178
117790283
117796742
117818064
117824694
117877278
117887156
117927187
117927823
117928579
117928875
117940048
117961765
117969070
117974229
117985252
118080832
118115863
118157118
118158554
118159589
118160380
118161229
118162334
118165235
118165900
118166927
118179716
118225063
118225920
118229648
118230423
118243486
118329176
118333787
118397235
118403602
118440941
118443700
118488400
118491330
11849612
118506484
118531871
118552290
11855812
118566316
118608463
118614880
118616078
118627734
118733469
118773198
118780270
118788134
118797846
118798140
118831827
118849729
118855032
118867294
118871938
118883794
118888466
118907653
118907681
118909720
118955326
118966526
119080738
119086034
119099353
119133390
119150091
119158848
119200836
119202196
119207165
11921032
119241994
119265975
119268251
11927432
119278280
119295928
119313054
119347138
119351267
119425069
119430992
119440301
119442548
119447316
119460426
119486806
119493073
119496075
119509868
119518640
119536936
119585141
119619014
119623833
11968852
119767674
119784045
119785717
119790721
119795496
119803683
119817004
119822067
119831556
119892522
119898194
119910189
11991162
119935658
119945055
119960838
119961181
119966319
119987276
119993712
120103615
120139667
120150853
120184757
120184976
120199359
120200143
120203135
120203836
120213111
120216707
120295477
120313894
120339472
120349560
12036012
120368584
120374653
120374926
120457233
120482849
120484127
120494295
120542248
120589201
120608759
120614080
120619429
120621348
120621786
120627534
120629461
120651906
120787608
120797485
120797662
120822744
12085042
120850930
120853830
120866648
120867406
120908050
12093682
120950853
120957824
120979331
121125890
121149678
121166314
121167805
121171998
121176740
121181469
121187203
121200327
12120802
121209687
121209775
121234505
121254571
121264259
121264514
121279341
121279660
121316319
121317768
121462492
121472421
121478572
121481396
121486912
121491598
121492532
121494663
121520993
121523806
121524242
121527266
121528126
121548730
121550046
121563015
121591000
121609782
121614113
121621766
121639496
121658959
121661313
121675135
121691170
121779421
121782200
121797013
121800637
121810764
121816029
121834299
121846932
121868306
121873005
121913406
121915404
121937677
121960815
121983665
122069539
122088855
122115419
122120567
122128513
122150012
122160746
122165841
122171336
122174975
122176460
122198065
122199334
122213954
122237591
122252597
122267177
122289244
122293800
122303345
122304659
122371292
122380949
122415899
122426336
122437138
122461285
122464139
122467968
122477931
122481894
122518089
122541225
122553145
122583465
122602156
122735543
122736536
122749940
122763054
122781280
122796213
122817506
122821750
122843122
122849185
122850806
122903501
122917592
12297052
122972663
122975628
123006916
123013850
123024960
123041792
123051945
123127555
123128097
123130128
123134161
123138542
123170658
123197758
123276343
123283633
123324321
123326149
123336020
123350137
123359043
123363881
123403051
123403764
123411667
123452321
123485008
123557474
123578283
123584276
123586831
123587869
123598613
123639840
123671487
123682612
123703779
123706029
123720051
123729674
123730076
123784606
123791789
123869933
12389372
123895731
123905976
123909639
123927978
123959377
123983269
124004492
124009561
124022946
124058495
124066240
124072423
124163000
124193833
124194594
124196430
124201833
12421062
124219796
124231712
12424512
124255559
124271364
124320005
124320857
124321923
124350711
124370050
124402830
124410011
124469174
124509089
124529942
124539098
124566015
124570813
124592790
124610722
124650787
124667558
124690949
124737578
12476372
124794821
124833853
124857047
124863696
124912472
124934815
124938278
124975262
125028175
12503872
12506222
125092432
125103647
125114425
125140433
125196011
125201504
125205168
125226133
125241568
125241911
125246848
125254782
125256096
125308123
125352131
125356573
125366905
125415524
125424071
12542502
125429028
125429978
125441928
12544982
125462223
125484388
125525687
125560883
125677755
125681360
125687508
125690348
125692914
125710231
125724521
125736253
125750402
12581052
125814778
125833798
125842800
125851642
125955004
126029737
126030357
12605242
126060644
126064611
126065188
126071298
126084585
126091248
126120560
126122423
126129847
126143876
126150495
126151304
126175530
126192017
126350820
126360145
126382794
126394929
126400489
126421148
126435083
126439116
12645292
126489813
126492545
126496367
126499684
126508701
126529692
126536529
126605162
126670304
126673991
126679111
126679555
126698025
126703797
126706864
126715492
126743513
126775066
126881654
126889025
126902260
126985584
127082657
127130023
12720232
127214926
12722322
127244882
127250125
127286429
127294042
127319510
127327786
127330178
127351810
127368851
127369934
127371664
127377269
127407397
127418841
127424041
127436875
127440046
127442071
127549496
127563076
127570200
127575038
127593995
127612797
127646986
127654092
127732627
127734852
127755564
127793163
127849568
127910244
127919570
127964945
128006522
128025624
128044838
128051549
128085706
128107261
128117165
128129892
128135543
128234726
128296606
128301657
128308837
128311437
128331212
128332401
128420909
128435960
128438720
12845072
128454243
128458795
12846552
128480611
128590983
128616673
128637880
128638115
128639326
128654737
128659395
128664931
128695937
128718364
128730363
128734534
128743410
128744972
128748269
128753632
128759547
128765636
128777561
128787123
128788783
128842487
128896023
128961883
128963129
128967167
128973462
128980045
129001007
129006434
129016625
129022468
129090408
129135623
129175072
129179847
129243656
129264456
129269484
129314324
129326496
129345727
129367752
129372322
129394023
129427863
129435091
129531484
129604808
129610842
12961492
129619152
129668515
129685323
129708467
129792724
129829788
129846438
129847209
129895000
129913709
129922615
129923133
129930632
129941085
129944880
130007869
130040028
130082132
130196876
130202887
130217213
130222906
130250053
130252922
130272950
130344799
130350317
130420798
130498642
130539522
130560284
130583285
130601608
130605410
130630102
130631198
130632785
130643039
130651949
130687763
130690458
130700172
1307011
130715746
130759373
130822908
130825588
130915995
130933396
130961211
130973102
130984413
130991465
131021645
131079406
131172995
131179343
131198061
131202936
131208288
131229540
131260064
131271265
131290739
131311077
131350217
131357867
131375011
13138372
131390003
131394430
131399655
131402448
131575573
131593394
131607245
131617596
131623316
131635078
131668045
131673111
131706814
131718311
131728519
131742190
131748501
131849049
131852554
131902579
131911078
131911381
131932730
131970490
132011094
13202642
132051810
132062520
132136959
132162367
132185465
132186769
132209007
132211336
132217445
132229804
132237731
132245872
132258437
132259484
132261403
132278372
132303196
132306156
132308239
132325105
132331046
13233742
132343445
132362938
132369017
132387585
132389474
132405178
132412052
132419966
132503673
132512840
132525676
132547579
132568829
132591021
132618209
132621903
132627277
132636508
132643270
132654558
132712304
132713359
132717656
13274352
132757358
132784127
132810519
132814699
132842471
132854614
132870726
132925842
132928027
132936125
132974295
132989068
133001146
133006474
133018779
133023968
133031214
133033907
133043026
133058355
133076958
133120776
133121180
133132089
133135383
133153889
133184017
133264134
133265485
133313302
133382749
133406292
133439621
133440224
133447874
133457351
133476960
133508636
133516831
133597563
133605332
133727980
133767025
133778427
133784438
133792197
133800173
133806398
133847250
133885487
133930104
134041626
134083357
134129416
134166966
134179311
134217397
134233790
134264954
134277010
134297781
134313693
134362279
134494270
134534749
134553587
134586850
134606647
134652037
134652606
134695890
134702162
134726765
134812702
13482642
134882028
134894277
134904895
134912142
134927044
134931768
134934564
134979764
134984918
134997682
135001943
135016083
135030612
135031079
135047518
135067365
135107505
135180349
135206561
135208993
135219731
135220829
135223801
135229068
135235056
135240672
135248005
135257250
135261526
135266533
135316072
135328880
135341861
135355308
135367161
135374232
135374936
135388190
135484357
135494416
135552505
135563416
13560732
135623967
135681728
135728156
135729715
135738298
135747680
135755757
135757191
13576102
135884915
135918360
135926118
135937858
135955681
135983809
135988342
136015028
136022667
136028273
1360701
136100260
136102638
136106775
136137195
136160049
136181139
136207233
136221661
136288105
136297327
136314065
136329373
136331840
136334710
136336776
136337207
136339030
136341714
136344465
136345635
136346930
136353846
136356189
136358789
136371171
136371416
136371612
136372439
136372660
136372725
136373377
136376854
136381157
136384593
136385365
136386147
136386755
136386968
136387435
136387659
136387692
136388002
136388462
136388876
136389024
136389379
136394754
136394819
136397114
136418566
136434689
136469859
136490525
136498298
136675000
136682454
136683223
136694508
136727517
136748187
136750964
136791986
136813186
136823801
136845985
136847152
136867374
137051132
137116971
137131448
137144855
137188861
137209631
137219261
137266886
137323567
137333361
137334885
137335364
137360406
137362600
137363242
137365195
137367245
137368137
137375670
137416732
137440887
13745622
137459466
137471814
137482443
137493590
137510864
13753382
137535387
137543232
137564217
13757702
137585653
137722602
137772996
137775776
137777788
137791029
137811784
137842191
137867323
137869505
137881764
137882307
13789392
137894221
137912214
137921608
137952760
13805872
138079709
138082796
138121662
138128390
138170516
138188967
138215438
13823412
138254567
13828552
138293439
138297102
138333196
138478068
138478864
138482405
138489837
138490969
138500870
138503397
138552721
138576045
138579211
138605788
138633883
13865162
138740472
138803623
138842227
138862578
13887002
138872567
138915371
138925689
138975792
139063352
13907212
139095848
139099137
139162858
139186185
139208779
139209101
139234440
139257385
139262471
139275235
139460572
13949702
139509570
13951122
139515054
139536435
139553774
139575858
13957652
139577705
139583117
139608689
139609223
139728207
139746306
139750463
139765721
139773963
139779091
139781606
139791989
139810784
139814853
139829946
139834512
139841368
139892783
139909431
139926010
139928285
139946025
140035274
140046199
14009622
140112294
140132026
140151151
140152222
140165988
140174282
140193931
140210695
140213719
14023152
140241029
140265296
140342841
140431053
140439505
140467262
140500485
140512862
14051634
14051737
140518125
140521011
140543682
140574598
14058833
140600153
140610279
140622224
14062783
14063721
140668902
14069052
14069566
140738007
14075836
14077840
14078999
14079004
14088715
14089005
140905636
14090817
140910618
14091434
140918914
14093381
140967660
14097522
140998910
141000561
141011718
141014320
14101812
141025235
14103836
14104260
141065660
141076984
14110069
141110543
14111159
141187154
14119392
141251998
141256898
141264276
141265734
141283674
141284451
141289007
141290046
141298815
14130054
14130240
141303544
141305593
141317458
141318987
141323179
14132797
141333028
141372092
141373216
141373434
141374228
141375026
141375299
141375632
14137771
14141629
14142674
14143844
141472561
14147879
14152388
14154658
14159501
14159753
14159907
14160120
14160121
14160125
141601913
14160883
141615435
141629842
14164947
14166508
141668017
14167393
14170606
141712186
141719112
14174842
14174902
141754743
141758170
14178874
141847845
14184947
141855696
14186299
141875100
14191395
14193339
14194036
14194497
141948543
141974955
142001555
14205167
14205404
142074585
14209122
14210166
142105377
142112233
142137621
142161223
14216895
142186473
142189649
14223549
14225208
14228597
14228785
14228875
14232968
142335781
142344640
142351233
142355103
142356407
14237332
14237763
142378302
142387320
142396001
14240098
142429587
14244682
142452420
142454274
142461522
142476077
142495952
142500515
142505053
14251559
14253716
14254650
142549893
14256756
14262780
14267014
14267163
14269985
142700792
142704995
14271542
14271831
142741719
142745928
14276446
142776745
142779745
142782418
142793443
14280490
14281409
142826105
142826910
14287747
142886421
142899366
142915649
142921974
142948416
142974940
14297693
143004236
14303091
14304836
14305452
14311672
143119140
143137918
14313990
143145608
143147672
143159841
14316582
14316631
143174359
14317963
143181085
14320748
143247141
14325188
14325612
14327656
14327663
143278673
14328009
143316697
143317827
143326499
14334336
14334881
14337966
14339685
143425843
14345536
14348603
143487933
143490206
14351270
14352989
14353189
143536450
143557817
143596018
143603952
14361301
143621118
143632234
143654782
143657081
14366053
143661892
143675268
143687599
143690002
14370514
143723265
14372981
14377656
14377984
14379329
14380406
14383241
143832961
143849334
14385630
14386149
143894405
143916808
143917390
143931273
143950973
143955551
143958500
14395937
143977199
143978213
143978865
143980692
14400519
144010582
14401237
144036860
14409910
14411304
14411403
144190847
144226438
14423459
144276049
14428803
14428955
14432801
144349125
14435206
144356584
144359959
14436386
144394818
14445574
144525821
14453019
14455431
14457121
14461111
144613679
14464333
144647426
14466093
14466176
144685501
14468613
144692356
14469300
144705174
144712717
144717172
14474136
144744968
14477933
14480636
14483920
144890255
14489825
14492186
14493004
144932919
144956000
144968264
14498685
14499023
144994811
14500353
14500534
145015350
14502070
14502915
145039446
145050654
145058999
14506969
145083354
145091670
145098561
145123322
145127194
145128578
145130338
14514258
145146604
14515653
145172852
14517900
14518404
14520210
14521842
145226546
14527244
145274056
145276613
145282824
14529001
14529871
14531096
145314673
145319021
14533111
14533402
145343862
145345747
145347149
145366790
14536887
145371631
14538295
145383903
145385528
145389210
145396543
145409035
145453513
14546276
14547620
145479216
145497272
14550997
145560363
14559961
145631445
14563254
145649932
145653383
145706967
14570793
14573074
14573917
14574221
145745314
145746533
145747807
145756650
145805733
14584094
14589173
14589176
145891890
145900486
14590573
145906708
14592611
145926757
14594723
14598020
14602291
14602748
14605639
146057300
14605868
146153514
14615371
14615877
146159871
14616024
14616155
14616254
146174103
14617758
14618485
14618576
146192945
146217689
146265568
146277001
14628651
14630069
